backbone,batch_size,double_img,output_tab,mem_usage_torchinfo,mem_usage,diff_mem
regnetx,16,0,0,1353,1706,353
regnetx,16,0,5,1364,1712,348
regnetx,16,1,0,2712,2446,-266
regnetx,16,1,5,2712,2446,-266
regnet16x,16,0,0,2073,2130,57
regnet16x,16,0,5,2085,2148,63
regnet16x,16,1,0,4155,3284,-871
regnet16x,16,1,5,4155,3284,-871
regnet32x,16,0,0,2976,2848,-128
regnet32x,16,0,5,2988,2890,-98
regnet32x,16,1,0,5963,4666,-1297
regnet32x,16,1,5,5963,4666,-1297
mobile,16,0,0,1153,1676,523
mobile,16,0,5,1160,1684,524
mobile,16,1,0,2306,2456,150
mobile,16,1,5,2306,2460,154
shuffle,16,0,0,728,1326,598
shuffle,16,0,5,740,1350,610
shuffle,16,1,0,1466,1896,430
shuffle,16,1,5,1466,1896,430
efficient,16,0,0,1751,2378,627
efficient,16,0,5,1765,2394,629
efficient,16,1,0,3520,3886,366
efficient,16,1,5,3520,3886,366
vit,16,0,0,2947,4864,1917
vit,16,0,5,2958,4866,1908
vit,16,1,0,5900,9959,4059
vit,16,1,5,5900,9959,4059
inception,16,0,0,2399,3384,985
inception,16,0,5,2427,3428,1001
inception,16,1,0,4842,5404,562
inception,16,1,5,4842,5444,602
resnet,16,0,0,2948,2700,-248
resnet,16,0,5,2969,2774,-195
resnet,16,1,0,5940,4756,-1184
resnet,16,1,5,5940,5762,-178
regnet,16,0,0,1419,1800,381
regnet,16,0,5,1430,1802,372
regnet,16,1,0,2844,2678,-166
regnet,16,1,5,2844,2678,-166
regnet16,16,0,0,2108,2358,250
regnet16,16,0,5,2120,2368,248
regnet16,16,1,0,4225,3828,-397
regnet16,16,1,5,4225,3828,-397
regnet32,16,0,0,2962,3182,220
regnet32,16,0,5,2978,3194,216
regnet32,16,1,0,5949,5296,-653
regnet32,16,1,5,5949,5296,-653
